4 7

00000000000000000000
00000000000000000000
00000000000000000000
00000000000000000000
00000000000000000000
00000000000000111000
00000000000000111000
00000000000000111000
00000000000000111000
00000000000000111000
00000000000000111000
00000000000000111000
00000000000000111000
00000000000000111000
00000000000000000000
00000000000000000000
00000000000000000000
00000000000000111000
00000000000000111000
00000000000000111000
00000000000000111000
00000000000000111000
00000000000000111000
00000000000000111000
00000000000000111000
00000000000000111000
00000000000000000000
00000000000000000000
00000000000000000000
00000000000000000000

00000000000000000000
00000000000000000000
00000000000000000000
00000000000000000000
00000000000000000000
00000000110000000000
00000000110000000000
00000000110000000000
00000000110000000000
00000000110000000000
00000000110000000000
00000000110000000000
00000000110000000000
00000000110000000000
00000000000000000000
00000000000000000000
00000000000000000000
00000001111000000000
00000001111000000000
00000011111100000000
00000011111100000000
00000110110110000000
00000110110110000000
00001100110011000000
00001100110011000000
00000000110000000000
00000000000000000000
00000000000000000000
00000000000000000000
00000000000000000000

00000000000000000000
00000000000000000000
00001111111111100000
00001111111111100000
00001111111111100000
01110000000000111000
01110000000000111000
01110000000000111000
01110000000000111000
01110000000000111000
01110000000000111000
01110000000000111000
01110000000000111000
01110000000000111000
00011111001111100000
00011111001111100000
00011111001111100000
00000000000000111000
00000000000000111000
00000000000000111000
00000000000000111000
00000000000000111000
00000000000000111000
00000000000000111000
00000000000000111000
00000000000000111000
00001111111111100000
00001111111111100000
00001111111111100000
00000000000000000000

00000000000000000000
00000000000000000000
00001111111111100000
00001111111111100000
00001111111111100000
01110000000000111000
01110000000000111000
01110000000000111000
01110000000000111000
01110000000000111000
01110000000000111000
01110000000000111000
01110000000000111000
01110000000000111000
00000000000000000000
00000000000000000000
00000000000000000000
01110000000000111000
01110000000000111000
01110000000000111000
01110000000000111000
01110000000000111000
01110000000000111000
01110000000000111000
01110000000000111000
01110000000000111000
00001111111111100000
00001111111111100000
00001111111111100000
00000000000000000000

00000000000000000000
00000000000000000000
00001111111111100000
00001111111111100000
00001111111111100000
01110000000000000000
01110000000000000000
01110000000000000000
01110000000000000000
01110000000000000000
01110000000000000000
01110000000000000000
01110000000000000000
01110000000000000000
00011111001111100000
00011111001111100000
00011111001111100000
01110000000000111000
01110000000000111000
01110000000000111000
01110000000000111000
01110000000000111000
01110000000000111000
01110000000000111000
01110000000000111000
01110000000000111000
00001111111111100000
00001111111111100000
00001111111111100000
00000000000000000000

00000000000000000000
00000000000000000000
00001111111111100000
00001111111111100000
00001111111111100000
00000000000000111000
00000000000000111000
00000000000000111000
00000000000000111000
00000000000000111000
00000000000000111000
00000000000000111000
00000000000000111000
00000000000000111000
00011111001111100000
00011111001111100000
00011111001111100000
00000000000000111000
00000000000000111000
00000000000000111000
00000000000000111000
00000000000000111000
00000000000000111000
00000000000000111000
00000000000000111000
00000000000000111000
00001111111111100000
00001111111111100000
00001111111111100000
00000000000000000000

00000000000000000000
00000000000000000000
00000000000000000000
00000000000000000000
00000000000000000000
00000000000000000000
00000000000011000000
00000000000011000000
00000000000110000000
00000000000110000000
00000000001100000000
00000000001100000000
00000000001000000000
00000000001000000000
00000000000000000000
00000000000000000000
00000000000000000000
00000000001000000000
00000000001000000000
00000000001100000000
00000000001100000000
00000000000110000000
00000000000110000000
00000000000011000000
00000000000011000000
00000000000000000000
00000000000000000000
00000000000000000000
00000000000000000000
00000000000000000000