00000000000000000000000000000000000000000000000000000000000000000000000000000000
00000000000000000000000000000000000000000000000000001000000010000000000000000000
00000001111111100000000000000111111100000000000000000000000000000000000000000000
00000011111111110000000000001111111110000000000000011000000000000010000000000000
00000001111111100000000000000111111100000000000000000000000000000000000000000000
00001000000000000100000000100000000000000000000000000000000000000000000011000000
00011100000000001110000001110000000000000000000000000000000000000000000011000000
00011100000000001110000001110000000000000000000000000000000000000000000011100000
00011100001100001110000001110000000000000000000000000110000000000000000011000000
00111100101000011110000011110000000000000110000000001110000000000000000011000001
00111000000000011100000000000000000000000000000000001110000000000000000001000000
00111000000000011100000011100000000000000000000000011100000000000000000011000000
00111000010000011100000011100000000000000000000000101100000000000000000111100000
00010000000000001000000001000000000000000000000000111000000000000000000011000000
00000111000111000000000000011100011100000000000000000000000000000000000000000000
00001111101111100000000000111110111110000000000000000000000000000000000000000000
00000111000111000000000000011100011100000000000000000000000000000000100000000000
00000000000000010000000010000000000001000000000000000000000000000000000000000000
00000000000000111000000111000000000011100000000000100000000000000000000000000000
00000000000000111000000111000000000011100000000001100000000000000000000000110000
00000000000000111000000111000000000011100000000001110000000000000000000001100000
00000000000001111000001111000000000111100000000000111100000000000000000001100000
00000000000001110000000000000000000111000000000000111100000000000000000001100000
00000000000001110000001110000000000111000000000000011100000001000000000001110000
00000000000001110000001110000000000111000000000000001000000000000000000000110000
00000000000000100000000100000000000010000000000000000000000000000000000000110000
00001111111100000000000000111111110000000000000000000000000000000000000000000000
00011110011100000000100011111111110000000000000000000000000000000010000000000000
00001111111100000100000000111111110000000000000000000000000000000000000000000000
00000000000000000000000000000000000000000000000000000000000000000000000000000000