000000000000000000000000000000000000000000000000000000000000
000000000000000000000000000000000000000000000000000000000000
000000011111111000000000000001111111000000000000000000000000
000000111111111100000000000011111111100000000000000000000000
000000011111111000000000000001111111000000000000000000000000
000010000000000001000000001000000000000000000000000000000000
000111000000000011100000011100000000000000000000000000000000
000111000000000011100000011100000000000000000000000000000000
000111000000000011100000011100000000000000000000000001100000
001111000000000111100000111100000000000000000000000011100000
001110000000000111000000111000000000000000000000000011100000
001110000000000111000000111000000000000000000000000111000000
001110000000000111000000111000000000000000000000001111000000
000100000000000010000000010000000000000000000000001110000000
000001110001110000000000000111000111000000000000000000000000
000011111011111000000000001111101111100000000000000000000000
000001110001110000000000000111000111000000000000000000000000
000000000000000100000000100000000000010000000000000000000000
000000000000001110000001110000000000111000000000001000000000
000000000000001110000001110000000000111000000000011000000000
000000000000001110000001110000000000111000000000011100000000
000000000000011110000011110000000001111000000000001111000000
000000000000011100000011100000000001110000000000001111000000
000000000000011100000011100000000001110000000000000111000000
000000000000011100000011100000000001110000000000000010000000
000000000000001000000001000000000000100000000000000000000000
000011111111000000000000001111111100000000000000000000000000
000111111111100000000000011111111110000000000000000000000000
000011111111000000000000001111111100000000000000000000000000
000000000000000000000000000000000000000000000000000000000000